1	0.04517100577306342
2	0.02949652029396764
3	0.04165369183575247
4	0.027005526202292296
5	0.023750330641077077
6	0.04718110271928969
7	0.047444057632634214
8	0.05499315096531714
9	0.04424482423490343
10	0.036184562068548046
11	0.04242573160840795
12	0.031660072639331543
13	0.02554643383997267
14	0.03624488097657951
15	0.03656877138676886
16	0.02873698031404072
17	0.03409622767459271
18	0.04142808178373112
19	0.04073855842655054
20	0.039824117409726474
21	0.050726002220655986
22	0.0738066715542453
23	0.08376285722848975
24	0.06522204518983031
25	0.13233832939464002
26	0.0914097568510204
27	0.06678238688861819
28	0.07743887063988882
29	0.0841120768591527
30	0.05711725242606971
31	0.05144591656185847
32	0.06090756199474901
33	0.04834862636435435
34	0.03698285532528251
35	0.03964560199476808
36	0.04969008043806422
37	0.046287998844620835
38	0.03537780531183072
39	0.03103287704343069
40	0.031242542565904707
41	0.023901369136403214
42	0.021186208059878125
43	0.019249136982248144
44	0.024999989294507093
45	0.03623795056593002
46	0.09403578110887628
47	0.4546518713671429
48	1.171930577160315
49	0.3230860390763359
50	0.2987437259414525
51	0.03682121971435547
52	0.029329540220596566
53	0.02134412197280434
54	0.0202193439309026
55	0.02372524287167287
56	0.027538332098761893
57	0.037286069237865954
58	0.06343769753789012
59	0.15985533763113352
60	0.40070650719620293
61	3.6475102305616662
62	4.877570879776334
63	1.5880624646929062
64	4.0518075392938435
65	11.764239781355911
66	5.232911712206754
67	2.784527642270626
68	0.5468020273664415
69	0.22346085771602334
70	0.11404325630636776
71	0.102056762627163
72	0.054682205037995764
73	0.05419571009699333
74	0.03668244728851062
75	0.029652263342644068
76	0.023111381378918112
77	0.03002225918113788
78	0.04414404110813106
79	0.1321131730939665
80	0.12650527756455213
81	0.07275922810130933
82	0.11758988225335071
83	0.2127107301853291
84	0.1624425788114435
85	0.06050298870760043
86	0.03503984714200582
87	0.034337595045983875
88	0.04777341227799386
89	0.04018047346845447
90	0.030546772615178366
91	0.04077757278498283
92	0.0504279895669899
93	0.03976321780192862
94	0.03327005531605727
95	0.05687248359406227
96	0.08023172461102027
97	0.06026596168479605
98	0.07314487294232798
99	0.1290546508788496
100	0.14674341673488853
101	0.12636769685909477
102	0.17955150125270228
103	0.2477840049452216
104	0.20266802022558986
105	0.3995138316567031
106	0.3487453869096281
107	0.16929094707496367
108	0.18028019119257274
109	0.21105952337821393
110	0.24869810905198397
111	0.26513428838808006
112	0.4473027167317008
113	0.6957964850278409
114	1.111430268762273
115	0.6021091449789894
116	0.8237120873935588
117	0.7110206299504997
118	0.3284319816711733
119	0.3033944053954251
120	0.49257812376327165
121	0.3786519614345958
122	0.27949481577757324
123	0.40382253858572636
124	0.7015183059794016
125	0.6919197784066068
126	0.4613735875588038
127	0.5157897268085323
128	0.355382628803631
129	0.41654801584164336
130	0.5498375777991478
131	0.7168307933299186
132	1.163709509991443
133	1.3947988960823845
134	1.608687750586615
135	2.3464387479334743
136	1.8390971564954146
137	1.381049696075677
138	1.2448718186622985
139	1.985279746990267
140	2.610040259504295
141	1.8597242775655098
142	1.2770487672219724
143	0.8485776659855475
144	0.4728998345624543
145	0.4239971512299411
146	0.35716599685374756
147	0.2574745152397474
148	0.2949023075488883
149	0.3619294489622593
150	0.6751290167376464
151	1.214766043253205
152	20.571476145561434
