index	4kvx_chainB	4kvm_chainsBE
1	nan	1.432
2	nan	1.547
3	nan	1.167
4	nan	1.216
5	nan	1.126
6	nan	0.544
7	nan	0.492
8	nan	0.624
9	nan	0.375
10	nan	0.214
11	nan	0.26
12	nan	0.277
13	nan	0.134
14	nan	0.118
15	nan	0.211
16	nan	0.175
17	nan	0.108
18	nan	0.201
19	nan	0.317
20	nan	0.231
21	nan	0.279
22	nan	0.136
23	nan	0.256
24	nan	0.321
25	nan	0.168
26	nan	0.162
27	nan	0.313
28	nan	0.28
29	nan	0.184
30	nan	0.271
31	nan	0.49
32	nan	0.37
33	nan	0.262
34	nan	0.551
35	nan	0.715
36	nan	0.425
37	nan	0.316
38	nan	0.31
39	nan	0.165
40	nan	0.076
41	nan	0.054
42	nan	0.078
43	nan	0.064
44	nan	0.031
45	nan	0.041
46	nan	0.058
47	nan	0.037
48	nan	0.027
49	nan	0.05
50	nan	0.058
51	nan	0.038
52	nan	0.057
53	nan	0.12
54	nan	0.098
55	nan	0.115
56	nan	0.079
57	nan	0.107
58	nan	0.107
59	nan	0.046
60	nan	0.05
61	nan	0.085
62	nan	0.062
63	nan	0.034
64	nan	0.066
65	nan	0.105
66	nan	0.061
67	nan	0.055
68	nan	0.127
69	nan	0.137
70	nan	0.104
71	nan	0.166
72	nan	0.142
73	nan	0.069
74	nan	0.032
75	nan	0.03
76	nan	0.024
77	nan	0.018
78	nan	0.014
79	nan	0.017
80	nan	0.017
81	nan	0.011
82	nan	0.016
83	nan	0.021
84	nan	0.016
85	nan	0.015
86	nan	0.035
87	nan	0.045
88	nan	0.036
89	nan	0.026
90	nan	0.018
91	nan	0.029
92	nan	0.024
93	nan	0.011
94	nan	0.012
95	nan	0.021
96	nan	0.015
97	nan	0.012
98	nan	0.023
99	nan	0.031
100	nan	0.021
101	nan	0.026
102	nan	0.054
103	nan	0.058
104	nan	0.056
105	nan	0.075
106	nan	0.111
107	nan	0.057
108	nan	0.039
109	nan	0.028
110	nan	0.015
111	nan	0.012
112	nan	0.014
113	nan	0.011
114	nan	0.009
115	nan	0.007
116	nan	0.007
117	nan	0.007
118	nan	0.008
119	nan	0.008
120	nan	0.011
121	nan	0.015
122	nan	0.016
123	nan	0.014
124	nan	0.015
125	nan	0.023
126	nan	0.019
127	nan	0.01
128	nan	0.011
129	nan	0.016
130	nan	0.011
131	nan	0.009
132	nan	0.015
133	nan	0.021
134	nan	0.016
135	nan	0.015
136	nan	0.036
137	nan	0.049
138	nan	0.051
139	nan	0.035
140	nan	0.067
141	nan	0.038
142	nan	0.017
143	nan	0.01
144	nan	0.009
145	nan	0.009
146	nan	0.007
147	nan	0.006
148	nan	0.007
149	nan	0.007
150	nan	0.007
151	nan	0.008
152	nan	0.009
153	nan	0.009
154	nan	0.015
155	nan	0.021
156	nan	0.026
157	nan	0.021
158	nan	0.017
159	nan	0.026
160	nan	0.022
161	nan	0.011
162	nan	0.015
163	nan	0.022
164	nan	0.016
165	nan	0.014
166	nan	0.024
167	nan	0.032
168	nan	0.029
169	nan	0.037
170	nan	0.069
171	nan	0.102
172	nan	0.11
173	nan	0.314
174	nan	0.405
175	nan	0.208
176	nan	0.174
177	nan	0.075
178	nan	0.071
179	nan	0.031
180	nan	0.016
181	nan	0.01
182	nan	0.008
183	nan	0.008
184	nan	0.006
185	nan	0.005
186	nan	0.006
187	nan	0.007
188	nan	0.007
189	nan	0.006
190	nan	0.007
191	nan	0.01
192	nan	0.01
193	nan	0.011
194	nan	0.013
195	nan	0.015
196	nan	0.027
197	nan	0.035
198	nan	0.041
199	nan	0.037
200	nan	0.029
201	nan	0.042
202	nan	0.029
203	nan	0.015
204	nan	0.017
205	nan	0.026
206	nan	0.019
207	nan	0.013
208	nan	0.024
209	nan	0.03
210	nan	0.019
211	nan	0.02
212	nan	0.037
213	nan	0.016
214	nan	0.008
215	nan	0.01
216	nan	0.009
217	nan	0.011
218	nan	0.011
219	nan	0.01
220	nan	0.009
221	nan	0.01
222	nan	0.011
223	nan	0.013
224	nan	0.012
225	nan	0.012
226	nan	0.017
227	nan	0.02
228	nan	0.019
229	nan	0.023
230	nan	0.043
231	nan	0.057
232	nan	0.05
233	nan	0.039
234	nan	0.029
235	nan	0.043
236	nan	0.032
237	nan	0.015
238	nan	0.017
239	nan	0.02
240	nan	0.013
241	nan	0.01
242	nan	0.013
243	nan	0.015
244	nan	0.009
245	nan	0.007
246	nan	0.014
247	nan	0.014
248	nan	0.012
249	nan	0.008
250	nan	0.006
251	nan	0.006
252	nan	0.01
253	nan	0.013
254	nan	0.009
255	nan	0.01
256	nan	0.015
257	nan	0.013
258	nan	0.012
259	nan	0.015
260	nan	0.019
261	nan	0.02
262	nan	0.03
263	nan	0.041
264	nan	0.035
265	nan	0.035
266	nan	0.066
267	nan	0.124
268	nan	0.265
269	nan	0.149
270	nan	0.063
271	nan	0.093
272	nan	0.109
273	nan	0.074
274	nan	0.076
275	nan	0.086
276	nan	0.055
277	nan	0.032
278	nan	0.032
279	nan	0.039
280	nan	0.027
281	nan	0.018
282	nan	0.029
283	nan	0.035
284	nan	0.018
285	nan	0.022
286	nan	0.037
287	nan	0.029
288	nan	0.041
289	nan	0.034
290	nan	0.039
291	nan	0.016
292	nan	0.016
293	nan	0.009
294	nan	0.012
295	nan	0.016
296	nan	0.013
297	nan	0.016
298	nan	0.02
299	nan	0.018
300	nan	0.028
301	nan	0.042
302	nan	0.041
303	nan	0.066
304	nan	0.109
305	nan	0.094
306	nan	0.06
307	nan	0.03
308	nan	0.035
309	nan	0.04
310	nan	0.024
311	nan	0.018
312	nan	0.022
313	nan	0.023
314	nan	0.016
315	nan	0.013
316	nan	0.017
317	nan	0.017
318	nan	0.011
319	nan	0.01
320	nan	0.02
321	nan	0.022
322	nan	0.014
323	nan	0.012
324	nan	0.012
325	nan	0.01
326	nan	0.009
327	nan	0.01
328	nan	0.012
329	nan	0.012
330	nan	0.014
331	nan	0.016
332	nan	0.024
333	nan	0.023
334	nan	0.025
335	nan	0.071
336	nan	0.08
337	nan	0.059
338	nan	0.066
339	nan	0.033
340	nan	0.027
341	nan	0.039
342	nan	0.033
343	nan	0.021
344	nan	0.024
345	nan	0.034
346	nan	0.026
347	nan	0.018
348	nan	0.026
349	nan	0.036
350	nan	0.024
351	nan	0.027
352	nan	0.047
353	nan	0.048
354	nan	0.045
355	nan	0.084
356	nan	0.252
357	nan	0.122
358	nan	0.076
359	nan	0.071
360	nan	0.047
361	nan	0.082
362	nan	0.196
363	nan	0.344
364	nan	0.191
365	nan	0.264
366	nan	0.565
367	nan	0.589
368	nan	0.455
369	nan	0.497
370	nan	0.156
371	nan	0.087
372	nan	0.121
373	nan	0.044
374	nan	0.018
375	nan	0.017
376	nan	0.013
377	nan	0.009
378	nan	0.009
379	nan	0.009
380	nan	0.007
381	nan	0.008
382	nan	0.01
383	nan	0.009
384	nan	0.009
385	nan	0.013
386	nan	0.016
387	nan	0.016
388	nan	0.029
389	nan	0.046
390	nan	0.046
391	nan	0.042
392	nan	0.025
393	nan	0.044
394	nan	0.035
395	nan	0.015
396	nan	0.018
397	nan	0.025
398	nan	0.014
399	nan	0.011
400	nan	0.021
401	nan	0.023
402	nan	0.014
403	nan	0.018
404	nan	0.041
405	nan	0.037
406	nan	0.043
407	nan	0.038
408	nan	0.051
409	nan	0.026
410	nan	0.011
411	nan	0.009
412	nan	0.009
413	nan	0.007
414	nan	0.007
415	nan	0.009
416	nan	0.01
417	nan	0.008
418	nan	0.012
419	nan	0.016
420	nan	0.014
421	nan	0.017
422	nan	0.038
423	nan	0.049
424	nan	0.051
425	nan	0.028
426	nan	0.017
427	nan	0.021
428	nan	0.017
429	nan	0.009
430	nan	0.007
431	nan	0.011
432	nan	0.008
433	nan	0.005
434	nan	0.008
435	nan	0.01
436	nan	0.007
437	nan	0.006
438	nan	0.013
439	nan	0.015
440	nan	0.017
441	nan	0.02
442	nan	0.028
443	nan	0.013
444	nan	0.006
445	nan	0.004
446	nan	0.004
447	nan	0.005
448	nan	0.005
449	nan	0.006
450	nan	0.005
451	nan	0.005
452	nan	0.005
453	nan	0.005
454	nan	0.005
455	nan	0.005
456	nan	0.009
457	nan	0.011
458	nan	0.008
459	nan	0.01
460	nan	0.01
461	nan	0.015
462	nan	0.012
463	nan	0.007
464	nan	0.009
465	nan	0.011
466	nan	0.009
467	nan	0.007
468	nan	0.007
469	nan	0.013
470	nan	0.012
471	nan	0.011
472	nan	0.019
473	nan	0.018
474	nan	0.062
475	nan	0.036
476	nan	0.024
477	nan	0.016
478	nan	0.011
479	nan	0.007
480	nan	0.007
481	nan	0.007
482	nan	0.007
483	nan	0.006
484	nan	0.006
485	nan	0.01
486	nan	0.007
487	nan	0.006
488	nan	0.006
489	nan	0.006
490	nan	0.008
491	nan	0.006
492	nan	0.004
493	nan	0.004
494	nan	0.006
495	nan	0.005
496	nan	0.004
497	nan	0.006
498	nan	0.006
499	nan	0.005
500	nan	0.006
501	nan	0.014
502	nan	0.015
503	nan	0.01
504	nan	0.007
505	nan	0.005
506	nan	0.006
507	nan	0.005
508	nan	0.004
509	nan	0.004
510	nan	0.004
511	nan	0.003
512	nan	0.004
513	nan	0.005
514	nan	0.005
515	nan	0.005
516	nan	0.006
517	nan	0.007
518	nan	0.007
519	nan	0.007
520	nan	0.009
521	nan	0.008
522	nan	0.008
523	nan	0.009
524	nan	0.009
525	nan	0.009
526	nan	0.009
527	nan	0.009
528	nan	0.011
529	nan	0.006
530	nan	0.008
531	nan	0.009
532	nan	0.006
533	nan	0.005
534	nan	0.005
535	nan	0.008
536	nan	0.008
537	nan	0.005
538	nan	0.004
539	nan	0.005
540	nan	0.006
541	nan	0.005
542	nan	0.005
543	nan	0.006
544	nan	0.005
545	nan	0.005
546	nan	0.008
547	nan	0.009
548	nan	0.008
549	nan	0.009
550	nan	0.017
551	nan	0.019
552	nan	0.013
553	nan	0.013
554	nan	0.016
555	nan	0.018
556	nan	0.015
557	nan	0.011
558	nan	0.008
559	nan	0.008
560	nan	0.007
561	nan	0.005
562	nan	0.007
563	nan	0.008
564	nan	0.007
565	nan	0.007
566	nan	0.007
567	nan	0.009
568	nan	0.008
569	nan	0.009
570	nan	0.014
571	nan	0.015
572	nan	0.014
573	nan	0.025
574	nan	0.034
575	nan	0.037
576	nan	0.053
577	nan	0.032
578	nan	0.015
579	nan	0.017
580	nan	0.016
581	nan	0.013
582	nan	0.023
583	nan	0.037
584	nan	0.052
585	nan	0.09
586	nan	0.054
587	nan	0.041
588	nan	0.089
589	nan	0.101
590	nan	0.078
591	nan	0.115
592	nan	0.213
593	nan	0.272
594	nan	0.478
595	nan	0.356
596	nan	0.628
597	nan	0.598
598	nan	0.651
599	nan	0.313
600	nan	0.171
601	nan	0.239
602	nan	0.208
603	nan	0.1
604	nan	0.087
605	nan	0.141
606	nan	0.101
607	nan	0.05
608	nan	0.069
609	nan	0.11
610	nan	0.073
611	nan	0.048
612	nan	0.079
613	nan	0.084
614	nan	0.047
615	nan	0.048
616	nan	0.08
617	nan	0.06
618	nan	0.036
619	nan	0.057
620	nan	0.067
621	nan	0.036
622	nan	0.034
623	nan	0.06
624	nan	0.051
625	nan	0.034
626	nan	0.058
627	nan	0.109
628	nan	0.177
629	nan	0.36
630	nan	0.218
631	nan	0.088
632	nan	0.051
633	nan	0.052
634	nan	0.03
635	nan	0.018
636	nan	0.013
637	nan	0.014
638	nan	0.023
639	nan	0.015
640	nan	0.011
641	nan	0.02
642	nan	0.034
643	nan	0.123
644	nan	0.047
645	nan	0.017
646	nan	0.021
647	nan	0.029
648	nan	0.019
649	nan	0.012
650	nan	0.017
651	nan	0.02
652	nan	0.012
653	nan	0.014
654	nan	0.025
655	nan	0.024
656	nan	0.015
657	nan	0.026
658	nan	0.059
659	nan	0.045
660	nan	0.037
661	nan	0.086
662	nan	0.109
663	nan	0.051
664	nan	0.041
665	nan	0.031
666	nan	0.02
667	nan	0.026
668	nan	0.026
669	nan	0.02
670	nan	0.022
671	nan	0.028
672	nan	0.027
673	nan	0.026
674	nan	0.042
675	nan	0.051
676	nan	0.064
677	nan	0.087
678	nan	0.133
679	nan	0.137
680	nan	0.127
681	nan	0.188
682	nan	0.122
683	nan	0.06
684	nan	0.093
685	nan	0.106
686	nan	0.052
687	nan	0.056
688	nan	0.106
689	nan	0.097
690	nan	0.065
691	nan	0.122
692	nan	0.203
693	nan	0.185
694	nan	0.278
695	nan	0.207
696	nan	0.384
697	nan	0.577
698	nan	0.297
699	nan	0.292
700	nan	0.156
701	nan	0.116
702	nan	0.189
703	nan	0.169
704	nan	0.086
705	nan	0.124
706	nan	0.197
707	nan	0.131
708	nan	0.107
709	nan	0.226
710	nan	0.267
711	nan	0.199
712	nan	0.26
713	nan	0.51
714	nan	0.574
715	nan	0.794
716	nan	1.751
717	nan	5.25
718	nan	36.803
719	nan	0.011
720	0.85	0.006
721	0.212	0.004
722	0.407	0.009
723	0.142	0.005
724	0.124	0.005
725	0.217	0.008
726	0.27	0.006
727	0.407	0.01
728	0.221	0.006
729	0.313	0.005
730	0.195	0.005
731	0.179	0.004
732	0.291	0.003
733	0.166	0.004
734	0.173	nan
735	0.156	0.004
736	0.48	nan
737	0.926	nan
738	0.504	nan
739	nan	0.004
740	0.302	0.004
741	nan	0.004
742	nan	0.005
743	nan	0.004
744	nan	0.007
745	0.421	0.013
746	0.283	0.013
747	0.197	0.013
748	0.449	0.016
749	0.409	0.011
750	0.16	0.007
751	0.207	0.007
752	0.216	0.007
753	0.107	0.006
754	0.081	0.005
755	0.148	0.006
756	0.134	0.005
757	0.06	0.004
758	0.121	0.005
759	0.252	0.006
760	nan	0.006
761	0.18	0.005
762	0.317	0.005
763	0.09	0.004
764	0.05	0.003
765	0.041	0.002
766	0.048	0.003
767	0.059	0.003
768	0.135	0.005
769	0.505	0.009
770	3.47	0.029
771	3.465	0.046
772	1.157	0.018
773	0.474	0.016
774	0.085	0.005
775	0.09	0.004
776	0.066	0.003
777	0.068	0.003
778	0.044	0.003
779	0.041	0.003
780	0.057	0.005
781	0.127	0.007
782	nan	0.009
783	1.062	0.023
784	5.234	0.118
785	8.435	0.164
786	1.626	0.068
787	7.351	0.157
788	10.845	0.364
789	3.635	0.182
790	1.798	0.107
791	0.296	0.026
792	0.127	0.011
793	0.144	0.007
794	0.113	0.007
795	0.074	0.006
796	0.082	0.008
797	0.101	0.007
798	0.088	0.006
799	0.115	0.005
800	0.087	0.004
801	nan	0.006
802	1.206	0.01
803	1.864	0.015
804	0.447	0.008
805	0.409	0.011
806	1.167	0.017
807	0.655	0.013
808	0.476	0.012
809	0.155	0.006
810	0.143	0.006
811	0.178	0.006
812	0.121	0.005
813	0.129	0.004
814	nan	0.005
815	0.269	0.006
816	0.134	0.005
817	0.112	0.004
818	0.159	0.006
819	0.192	0.008
820	0.223	0.005
821	0.204	0.006
822	0.39	0.008
823	0.557	0.011
824	0.548	0.011
825	0.232	0.014
826	nan	0.015
827	0.133	0.011
828	0.213	0.02
829	nan	0.018
830	0.3	0.011
831	0.302	0.015
832	0.325	0.019
833	0.16	0.015
834	0.193	0.018
835	0.171	0.019
836	0.33	0.033
837	0.768	0.053
838	0.363	0.029
839	0.426	0.036
840	0.482	0.034
841	0.257	0.02
842	0.165	0.018
843	0.195	0.023
844	0.203	0.017
845	0.148	0.014
846	0.132	0.017
847	0.293	0.03
848	0.462	0.033
849	0.364	0.024
850	0.278	0.024
851	0.191	0.017
852	0.216	0.022
853	0.392	0.027
854	0.487	0.033
855	0.853	0.066
856	0.542	0.057
857	0.638	0.061
858	1.071	0.086
859	0.69	0.062
860	0.648	0.05
861	0.886	0.048
862	3.121	0.092
863	3.166	0.103
864	1.14	0.066
865	0.722	0.051
866	0.256	0.031
867	0.126	0.02
868	0.141	0.019
869	0.227	0.017
870	0.232	0.013
871	0.345	0.014
872	0.428	0.019
873	0.648	0.033
874	4.646	0.054
875	nan	0.623
