index	4kvm_chainsBF	4kvx_chainB	
1	1,432	0	
2	1,547	0	
3	1,167	0	
4	1,216	0	
5	1,126	0	
6	0,544	0	
7	0,492	0	
8	0,624	0	
9	0,375	0	
10	0,214	0	
11	0,26	0	
12	0,277	0	
13	0,134	0	
14	0,118	0	
15	0,211	0	
16	0,175	0	
17	0,108	0	
18	0,201	0	
19	0,317	0	
20	0,231	0	
21	0,279	0	
22	0,136	0	
23	0,256	0	
24	0,321	0	
25	0,168	0	
26	0,162	0	
27	0,313	0	
28	0,28	0	
29	0,184	0	
30	0,271	0	
31	0,49	0	
32	0,37	0	
33	0,262	0	
34	0,551	0	
35	0,715	0	
36	0,425	0	
37	0,316	0	
38	0,31	0	
39	0,165	0	
40	0,076	0	
41	0,054	0	
42	0,078	0	
43	0,064	0	
44	0,031	0	
45	0,041	0	
46	0,058	0	
47	0,037	0	
48	0,027	0	
49	0,05	0	
50	0,058	0	
51	0,038	0	
52	0,057	0	
53	0,12	0	
54	0,098	0	
55	0,115	0	
56	0,079	0	
57	0,107	0	
58	0,107	0	
59	0,046	0	
60	0,05	0	
61	0,085	0	
62	0,062	0	
63	0,034	0	
64	0,066	0	
65	0,105	0	
66	0,061	0	
67	0,055	0	
68	0,127	0	
69	0,137	0	
70	0,104	0	
71	0,166	0	
72	0,142	0	
73	0,069	0	
74	0,032	0	
75	0,03	0	
76	0,024	0	
77	0,018	0	
78	0,014	0	
79	0,017	0	
80	0,017	0	
81	0,011	0	
82	0,016	0	
83	0,021	0	
84	0,016	0	
85	0,015	0	
86	0,035	0	
87	0,045	0	
88	0,036	0	
89	0,026	0	
90	0,018	0	
91	0,029	0	
92	0,024	0	
93	0,011	0	
94	0,012	0	
95	0,021	0	
96	0,015	0	
97	0,012	0	
98	0,023	0	
99	0,031	0	
100	0,021	0	
101	0,026	0	
102	0,054	0	
103	0,058	0	
104	0,056	0	
105	0,075	0	
106	0,111	0	
107	0,057	0	
108	0,039	0	
109	0,028	0	
110	0,015	0	
111	0,012	0	
112	0,014	0	
113	0,011	0	
114	0,009	0	
115	0,007	0	
116	0,007	0	
117	0,007	0	
118	0,008	0	
119	0,008	0	
120	0,011	0	
121	0,015	0	
122	0,016	0	
123	0,014	0	
124	0,015	0	
125	0,023	0	
126	0,019	0	
127	0,01	0	
128	0,011	0	
129	0,016	0	
130	0,011	0	
131	0,009	0	
132	0,015	0	
133	0,021	0	
134	0,016	0	
135	0,015	0	
136	0,036	0	
137	0,049	0	
138	0,051	0	
139	0,035	0	
140	0,067	0	
141	0,038	0	
142	0,017	0	
143	0,01	0	
144	0,009	0	
145	0,009	0	
146	0,007	0	
147	0,006	0	
148	0,007	0	
149	0,007	0	
150	0,007	0	
151	0,008	0	
152	0,009	0	
153	0,009	0	
154	0,015	0	
155	0,021	0	
156	0,026	0	
157	0,021	0	
158	0,017	0	
159	0,026	0	
160	0,022	0	
161	0,011	0	
162	0,015	0	
163	0,022	0	
164	0,016	0	
165	0,014	0	
166	0,024	0	
167	0,032	0	
168	0,029	0	
169	0,037	0	
170	0,069	0	
171	0,102	0	
172	0,11	0	
173	0,314	0	
174	0,405	0	
175	0,208	0	
176	0,174	0	
177	0,075	0	
178	0,071	0	
179	0,031	0	
180	0,016	0	
181	0,01	0	
182	0,008	0	
183	0,008	0	
184	0,006	0	
185	0,005	0	
186	0,006	0	
187	0,007	0	
188	0,007	0	
189	0,006	0	
190	0,007	0	
191	0,01	0	
192	0,01	0	
193	0,011	0	
194	0,013	0	
195	0,015	0	
196	0,027	0	
197	0,035	0	
198	0,041	0	
199	0,037	0	
200	0,029	0	
201	0,042	0	
202	0,029	0	
203	0,015	0	
204	0,017	0	
205	0,026	0	
206	0,019	0	
207	0,013	0	
208	0,024	0	
209	0,03	0	
210	0,019	0	
211	0,02	0	
212	0,037	0	
213	0,016	0	
214	0,008	0	
215	0,01	0	
216	0,009	0	
217	0,011	0	
218	0,011	0	
219	0,01	0	
220	0,009	0	
221	0,01	0	
222	0,011	0	
223	0,013	0	
224	0,012	0	
225	0,012	0	
226	0,017	0	
227	0,02	0	
228	0,019	0	
229	0,023	0	
230	0,043	0	
231	0,057	0	
232	0,05	0	
233	0,039	0	
234	0,029	0	
235	0,043	0	
236	0,032	0	
237	0,015	0	
238	0,017	0	
239	0,02	0	
240	0,013	0	
241	0,01	0	
242	0,013	0	
243	0,015	0	
244	0,009	0	
245	0,007	0	
246	0,014	0	
247	0,014	0	
248	0,012	0	
249	0,008	0	
250	0,006	0	
251	0,006	0	
252	0,01	0	
253	0,013	0	
254	0,009	0	
255	0,01	0	
256	0,015	0	
257	0,013	0	
258	0,012	0	
259	0,015	0	
260	0,019	0	
261	0,02	0	
262	0,03	0	
263	0,041	0	
264	0,035	0	
265	0,035	0	
266	0,066	0	
267	0,124	0	
268	0,265	0	
269	0,149	0	
270	0,063	0	
271	0,093	0	
272	0,109	0	
273	0,074	0	
274	0,076	0	
275	0,086	0	
276	0,055	0	
277	0,032	0	
278	0,032	0	
279	0,039	0	
280	0,027	0	
281	0,018	0	
282	0,029	0	
283	0,035	0	
284	0,018	0	
285	0,022	0	
286	0,037	0	
287	0,029	0	
288	0,041	0	
289	0,034	0	
290	0,039	0	
291	0,016	0	
292	0,016	0	
293	0,009	0	
294	0,012	0	
295	0,016	0	
296	0,013	0	
297	0,016	0	
298	0,02	0	
299	0,018	0	
300	0,028	0	
301	0,042	0	
302	0,041	0	
303	0,066	0	
304	0,109	0	
305	0,094	0	
306	0,06	0	
307	0,03	0	
308	0,035	0	
309	0,04	0	
310	0,024	0	
311	0,018	0	
312	0,022	0	
313	0,023	0	
314	0,016	0	
315	0,013	0	
316	0,017	0	
317	0,017	0	
318	0,011	0	
319	0,01	0	
320	0,02	0	
321	0,022	0	
322	0,014	0	
323	0,012	0	
324	0,012	0	
325	0,01	0	
326	0,009	0	
327	0,01	0	
328	0,012	0	
329	0,012	0	
330	0,014	0	
331	0,016	0	
332	0,024	0	
333	0,023	0	
334	0,025	0	
335	0,071	0	
336	0,08	0	
337	0,059	0	
338	0,066	0	
339	0,033	0	
340	0,027	0	
341	0,039	0	
342	0,033	0	
343	0,021	0	
344	0,024	0	
345	0,034	0	
346	0,026	0	
347	0,018	0	
348	0,026	0	
349	0,036	0	
350	0,024	0	
351	0,027	0	
352	0,047	0	
353	0,048	0	
354	0,045	0	
355	0,084	0	
356	0,252	0	
357	0,122	0	
358	0,076	0	
359	0,071	0	
360	0,047	0	
361	0,082	0	
362	0,196	0	
363	0,344	0	
364	0,191	0	
365	0,264	0	
366	0,565	0	
367	0,589	0	
368	0,455	0	
369	0,497	0	
370	0,156	0	
371	0,087	0	
372	0,121	0	
373	0,044	0	
374	0,018	0	
375	0,017	0	
376	0,013	0	
377	0,009	0	
378	0,009	0	
379	0,009	0	
380	0,007	0	
381	0,008	0	
382	0,01	0	
383	0,009	0	
384	0,009	0	
385	0,013	0	
386	0,016	0	
387	0,016	0	
388	0,029	0	
389	0,046	0	
390	0,046	0	
391	0,042	0	
392	0,025	0	
393	0,044	0	
394	0,035	0	
395	0,015	0	
396	0,018	0	
397	0,025	0	
398	0,014	0	
399	0,011	0	
400	0,021	0	
401	0,023	0	
402	0,014	0	
403	0,018	0	
404	0,041	0	
405	0,037	0	
406	0,043	0	
407	0,038	0	
408	0,051	0	
409	0,026	0	
410	0,011	0	
411	0,009	0	
412	0,009	0	
413	0,007	0	
414	0,007	0	
415	0,009	0	
416	0,01	0	
417	0,008	0	
418	0,012	0	
419	0,016	0	
420	0,014	0	
421	0,017	0	
422	0,038	0	
423	0,049	0	
424	0,051	0	
425	0,028	0	
426	0,017	0	
427	0,021	0	
428	0,017	0	
429	0,009	0	
430	0,007	0	
431	0,011	0	
432	0,008	0	
433	0,005	0	
434	0,008	0	
435	0,01	0	
436	0,007	0	
437	0,006	0	
438	0,013	0	
439	0,015	0	
440	0,017	0	
441	0,02	0	
442	0,028	0	
443	0,013	0	
444	0,006	0	
445	0,004	0	
446	0,004	0	
447	0,005	0	
448	0,005	0	
449	0,006	0	
450	0,005	0	
451	0,005	0	
452	0,005	0	
453	0,005	0	
454	0,005	0	
455	0,005	0	
456	0,009	0	
457	0,011	0	
458	0,008	0	
459	0,01	0	
460	0,01	0	
461	0,015	0	
462	0,012	0	
463	0,007	0	
464	0,009	0	
465	0,011	0	
466	0,009	0	
467	0,007	0	
468	0,007	0	
469	0,013	0	
470	0,012	0	
471	0,011	0	
472	0,019	0	
473	0,018	0	
474	0,062	0	
475	0,036	0	
476	0,024	0	
477	0,016	0	
478	0,011	0	
479	0,007	0	
480	0,007	0	
481	0,007	0	
482	0,007	0	
483	0,006	0	
484	0,006	0	
485	0,01	0	
486	0,007	0	
487	0,006	0	
488	0,006	0	
489	0,006	0	
490	0,008	0	
491	0,006	0	
492	0,004	0	
493	0,004	0	
494	0,006	0	
495	0,005	0	
496	0,004	0	
497	0	0,85	wrongly aligned
498	0	0,212	wrongly aligned
499	0	0,407	wrongly aligned
500	0	0,142	wrongly aligned
501	0	0,124	wrongly aligned
502	0,006	0,217	wrongly aligned
503	0,006	0,27	wrongly aligned
504	0,005	0,407	wrongly aligned
505	0,006	0,221	wrongly aligned
506	0,014	0,313	wrongly aligned
507	0,015	0	
508	0,01	0	
509	0,007	0	
510	0,005	0	
511	0,006	0	
512	0,005	0	
513	0,004	0	
514	0,004	0	
515	0,004	0	
516	0,003	0	
517	0,004	0	
518	0,005	0	
519	0,005	0,195	
520	0,005	0,179	
521	0,006	0,291	
522	0,007	0,166	
523	0,007	0,173	
524	0,007	0,156	
525	0,009	0,48	
526	0,008	0,926	
527	0,008	0	
528	0,009	0	
529	0,009	0	
530	0,009	0	
531	0,009	0	
532	0,009	0	
533	0,011	0	
534	0,006	0	
535	0,008	0	
536	0,009	0	
537	0,006	0	
538	0,005	0	
539	0,005	0	
540	0,008	0	
541	0,008	0	
542	0,005	0	
543	0,004	0	
544	0,005	0	
545	0,006	0	
546	0,005	0	
547	0,005	0	
548	0,006	0	
549	0,005	0	
550	0,005	0	
551	0,008	0	
552	0,009	0	
553	0,008	0	
554	0,009	0	
555	0,017	0	
556	0,019	0	
557	0,013	0	
558	0,013	0	
559	0,016	0	
560	0,018	0	
561	0,015	0	
562	0,011	0	
563	0,008	0	
564	0,008	0	
565	0,007	0	
566	0,005	0	
567	0,007	0	
568	0,008	0	
569	0,007	0	
570	0,007	0	
571	0,007	0	
572	0,009	0	
573	0,008	0	
574	0,009	0	
575	0,014	0	
576	0,015	0	
577	0,014	0	
578	0,025	0	
579	0,034	0	
580	0,037	0	
581	0,053	0	
582	0,032	0	
583	0,015	0	
584	0,017	0	
585	0,016	0	
586	0,013	0	
587	0,023	0	
588	0,037	0	
589	0,052	0	
590	0,09	0	
591	0,054	0	
592	0,041	0	
593	0,089	0	
594	0,101	0	
595	0,078	0	
596	0,115	0	
597	0,213	0	
598	0,272	0	
599	0,478	0	
600	0,356	0	
601	0,628	0	
602	0,598	0	
603	0,651	0	
604	0,313	0	
605	0,171	0	
606	0,239	0	
607	0,208	0	
608	0,1	0	
609	0,087	0	
610	0,141	0	
611	0,101	0	
612	0,05	0	
613	0,069	0	
614	0,11	0	
615	0,073	0	
616	0,048	0	
617	0,079	0	
618	0,084	0	
619	0,047	0	
620	0,048	0	
621	0,08	0	
622	0,06	0	
623	0,036	0	
624	0,057	0	
625	0,067	0	
626	0,036	0	
627	0,034	0	
628	0,06	0	
629	0,051	0	
630	0,034	0	
631	0,058	0	
632	0,109	0	
633	0,177	0	
634	0,36	0	
635	0,218	0	
636	0,088	0	
637	0,051	0	
638	0,052	0	
639	0,03	0	
640	0,018	0	
641	0,013	0	
642	0,014	0	
643	0,023	0	
644	0,015	0	
645	0,011	0	
646	0,02	0	
647	0,034	0	
648	0,123	0	
649	0,047	0	
650	0,017	0	
651	0,021	0	
652	0,029	0	
653	0,019	0	
654	0,012	0	
655	0,017	0	
656	0,02	0	
657	0,012	0	
658	0,014	0	
659	0,025	0	
660	0,024	0	
661	0,015	0	
662	0,026	0	
663	0,059	0	
664	0,045	0	
665	0,037	0	
666	0,086	0	
667	0,109	0	
668	0,051	0	
669	0,041	0	
670	0,031	0	
671	0,02	0	
672	0,026	0	
673	0,026	0	
674	0,02	0	
675	0,022	0	
676	0,028	0	
677	0,027	0	
678	0,026	0	
679	0,042	0	
680	0,051	0	
681	0,064	0	
682	0,087	0	
683	0,133	0	
684	0,137	0	
685	0,127	0	
686	0,188	0	
687	0,122	0	
688	0,06	0	
689	0,093	0	
690	0,106	0	
691	0,052	0	
692	0,056	0	
693	0,106	0	
694	0,097	0	
695	0,065	0	
696	0,122	0	
697	0,203	0	
698	0,185	0	
699	0,278	0	
700	0,207	0	
701	0,384	0	
702	0,577	0	
703	0,297	0	
704	0,292	0	
705	0,156	0	
706	0,116	0	
707	0,189	0	
708	0,169	0	
709	0,086	0	
710	0,124	0	
711	0,197	0	
712	0,131	0	
713	0,107	0	
714	0,226	0	
715	0,267	0	
716	0,199	0	
717	0,26	0	
718	0,51	0	
719	0,574	0	
720	0,794	0	
721	1,751	0	
722	5,25	0	
723	36,803	0	
724	0,011	0	
725	0,006	0	
726	0,004	0	
727	0,009	0	
728	0,005	0	
729	0,005	0	
730	0,008	0	
731	0,006	0	
732	0,01	0	
733	0,006	0	
734	0,005	0	
735	0,005	0	
736	0,004	0	
737	0,003	0	
738	0,004	0	
739	0,004	0	
740	0,004	0	
741	0,004	0	
742	0,004	0	
743	0,005	0	
744	0,004	0	
745	0,007	0	
746	0	0,504	
747	0	0,302	
748	0,013	0,421	
749	0,013	0,283	
750	0,013	0,197	
751	0,016	0,449	
752	0,011	0,409	
753	0,007	0,16	
754	0,007	0,207	
755	0,007	0,216	
756	0,006	0,107	
757	0,005	0,081	
758	0,006	0,148	
759	0,005	0,134	
760	0,004	0,06	
761	0,005	0,121	
762	0,006	0,252	
763	0,006	0	
764	0,005	0,18	
765	0,005	0,317	
766	0,004	0,09	
767	0,003	0,05	
768	0,002	0,041	
769	0,003	0,048	
770	0,003	0,059	
771	0,005	0,135	
772	0,009	0,505	
773	0,029	3,47	
774	0,046	3,465	
775	0,018	1,157	
776	0,016	0,474	
777	0,005	0,085	
778	0,004	0,09	
779	0,003	0,066	
780	0,003	0,068	
781	0,003	0,044	
782	0,003	0,041	
783	0,005	0,057	
784	0,007	0,127	
785	0,009	0	
786	0,023	1,062	
787	0,118	5,234	
788	0,164	8,435	
789	0,068	1,626	
790	0,157	7,351	
791	0,364	10,845	
792	0,182	3,635	
793	0,107	1,798	
794	0,026	0,296	
795	0,011	0,127	
796	0,007	0,144	
797	0,007	0,113	
798	0,006	0,074	
799	0,008	0,082	
800	0,007	0,101	
801	0,006	0,088	
802	0,005	0,115	
803	0,004	0,087	
804	0,006	0	
805	0,01	1,206	
806	0,015	1,864	
807	0,008	0,447	
808	0,011	0,409	
809	0,017	1,167	
810	0,013	0,655	
811	0,012	0,476	
812	0,006	0,155	
813	0,006	0,143	
814	0,006	0,178	
815	0,005	0,121	
816	0,004	0,129	
817	0,005	0	
818	0,006	0,269	
819	0,005	0,134	
820	0,004	0,112	
821	0,006	0,159	
822	0,008	0,192	
823	0,005	0,223	
824	0,006	0,204	
825	0,008	0,39	
826	0,011	0,557	
827	0,011	0,548	
828	0,014	0,232	
829	0,015	0	
830	0,011	0,133	
831	0,02	0,213	
832	0,018	0	
833	0,011	0,3	
834	0,015	0,302	
835	0,019	0,325	
836	0,015	0,16	
837	0,018	0,193	
838	0,019	0,171	
839	0,033	0,33	
840	0,053	0,768	
841	0,029	0,363	
842	0,036	0,426	
843	0,034	0,482	
844	0,02	0,257	
845	0,018	0,165	
846	0,023	0,195	
847	0,017	0,203	
848	0,014	0,148	
849	0,017	0,132	
850	0,03	0,293	
851	0,033	0,462	
852	0,024	0,364	
853	0,024	0,278	
854	0,017	0,191	
855	0,022	0,216	
856	0,027	0,392	
857	0,033	0,487	
858	0,066	0,853	
859	0,057	0,542	
860	0,061	0,638	
861	0,086	1,071	
862	0,062	0,69	
863	0,05	0,648	
864	0,048	0,886	
865	0,092	3,121	
866	0,103	3,166	
867	0,066	1,14	
868	0,051	0,722	
869	0,031	0,256	
870	0,02	0,126	
871	0,019	0,141	
872	0,017	0,227	
873	0,013	0,232	
874	0,014	0,345	
875	0,019	0,428	
876	0,033	0,648	
877	0,054	4,646	
878	0,623	0	